Conta: 
Titular: 
Data Inicial: 01/01/2021
Data Final: 31/03/2021

Subconta;Ativo;Abertura;Fechamento;Tempo Operação;Qtd;Lado;Preço Compra;Preço Venda;Médio;Resultado;Resultado(%);Total;TET
 - ;WDOFUT;04/01/2021 10:03:31;04/01/2021 10:28:29;24min58s;1;C;5.158,94;5.167,52;Não;85,82;8,58;85,82; - 
 - ;WDOFUT;04/01/2021 10:35:41;04/01/2021 10:35:41;-;1;V;5.184,46;5.167,46;Não;-170,00;-17,00;-84,19;32min9s
 - ;WDOFUT;05/01/2021 12:05:45;05/01/2021 12:22:36;16min51s;1;C;5.329,48;5.329,54;Não;0,54;0,05;-83,64;1d1h
 - ;WDOFUT;05/01/2021 17:28:02;05/01/2021 18:24:15;56min12s;1;C;5.295,37;5.312,43;Sim;170,54;17,05;86,90;5h22min16s
 - ;WDOFUT;06/01/2021 09:35:55;06/01/2021 09:53:51;17min55s;1;C;5.278,32;5.312,48;Sim;341,63;34,16;428,53;16h7min53s
 - ;WDOFUT;06/01/2021 10:07:42;06/01/2021 10:25:29;17min47s;1;V;5.295,32;5.312,43;Sim;171,09;17,11;599,62;31min47s
 - ;WDOFUT;06/01/2021 10:37:01;06/01/2021 11:36:25;59min23s;1;C;5.295,37;5.363,64;Não;682,72;68,27;1.282,34;29min19s
 - ;WDOFUT;06/01/2021 12:53:02;06/01/2021 13:06:31;13min28s;1;C;5.355,06;5.346,59;Não;-84,73;-8,47;1.197,61;2h16min
 - ;WDOFUT;06/01/2021 16:10:08;06/01/2021 16:10:51;43s;1;C;5.295,37;5.286,90;Sim;-84,73;-8,47;1.112,88;3h17min5s
 - ;WDOFUT;06/01/2021 17:37:31;06/01/2021 17:49:10;11min39s;1;V;5.337,95;5.329,48;Sim;-84,73;-8,47;1.028,15;1h27min23s
 - ;WDOFUT;07/01/2021 09:51:52;07/01/2021 09:51:52;-;1;C;5.355,06;5.338,06;Não;-170,00;-17,00;858,15;16h14min20s
 - ;WDOFUT;07/01/2021 11:20:07;07/01/2021 12:26:13;1h6min6s;1;C;5.338,01;5.389,23;Sim;512,17;51,22;1.370,32;1h28min14s
 - ;WDOFUT;08/01/2021 09:23:42;08/01/2021 09:23:42;-;1;C;5.397,70;5.380,70;Não;-170,00;-17,00;1.200,32;22h3min35s
 - ;WDOFUT;08/01/2021 10:30:41;08/01/2021 10:37:18;6min37s;1;C;5.380,64;5.372,17;Sim;-84,73;-8,47;1.115,60;1h6min58s
 - ;WDOFUT;08/01/2021 10:55:07;08/01/2021 12:01:31;1h6min23s;1;C;5.363,59;5.414,81;Sim;512,17;51,22;1.627,77;24min26s
 - ;WDOFUT;11/01/2021 14:35:59;11/01/2021 14:43:18;7min19s;1;C;5.508,55;5.500,08;Não;-84,73;-8,47;1.543,04;3d3h
 - ;WDOFUT;12/01/2021 12:49:05;12/01/2021 12:49:05;-;1;C;5.474,44;5.457,44;Sim;-170,00;-17,00;1.373,04;22h13min6s
 - ;WDOFUT;13/01/2021 09:00:43;13/01/2021 09:00:43;-;1;C;5.355,06;5.363,59;Sim;85,27;8,53;1.458,31;20h11min37s
 - ;WDOFUT;13/01/2021 11:18:42;13/01/2021 11:42:07;23min24s;1;C;5.312,43;5.346,59;Sim;341,63;34,16;1.799,94;2h17min59s
 - ;WDOFUT;13/01/2021 12:05:59;13/01/2021 12:19:41;13min41s;1;V;5.329,43;5.346,54;Sim;171,09;17,11;1.971,03;47min16s
 - ;WDOFUT;13/01/2021 12:28:19;13/01/2021 12:41:21;13min2s;1;C;5.329,48;5.329,54;Não;0,54;0,05;1.971,57;22min20s
 - ;WDOFUT;13/01/2021 14:01:44;13/01/2021 14:20:05;18min21s;1;C;5.320,95;5.329,54;Sim;85,81;8,58;2.057,39;1h33min25s
 - ;WDOFUT;14/01/2021 09:38:31;14/01/2021 10:04:58;26min27s;1;C;5.295,37;5.286,90;Sim;-84,73;-8,47;1.972,66;19h36min46s
 - ;WDOFUT;14/01/2021 11:49:56;14/01/2021 13:07:31;1h17min34s;1;V;5.252,68;5.303,90;Não;512,17;51,22;2.484,83;2h11min25s
 - ;WDOFUT;15/01/2021 09:03:18;15/01/2021 09:45:26;42min7s;1;C;5.235,68;5.269,85;Sim;341,63;34,16;2.826,46;21h13min21s
 - ;WDOFUT;15/01/2021 10:17:13;15/01/2021 10:17:13;-;1;V;5.286,79;5.269,79;Não;-170,00;-17,00;2.656,46;1h13min54s
 - ;WDOFUT;15/01/2021 11:44:58;15/01/2021 11:48:07;3min8s;1;V;5.295,32;5.286,85;Sim;-84,73;-8,47;2.571,74;1h27min45s
 - ;WDOFUT;15/01/2021 13:50:49;15/01/2021 14:12:13;21min23s;1;C;5.261,26;5.269,85;Não;85,81;8,58;2.657,55;2h5min51s
 - ;WDOFUT;18/01/2021 12:47:14;18/01/2021 12:47:14;-;1;C;5.295,37;5.278,37;Não;-170,00;-17,00;2.487,55;2d22h
 - ;WDOFUT;18/01/2021 13:33:14;18/01/2021 16:56:20;3h23min5s;1;C;5.278,32;5.303,95;Sim;256,36;25,64;2.743,91;46min
 - ;WDOFUT;19/01/2021 09:48:22;19/01/2021 12:20:07;2h31min45s;1;C;5.278,32;5.329,54;Sim;512,17;51,22;3.256,08;20h15min7s
 - ;WDOFUT;20/01/2021 11:58:55;20/01/2021 11:58:55;-;1;C;5.329,48;5.312,48;Não;-170,00;-17,00;3.086,08;1d2h
 - ;WDOFUT;21/01/2021 09:16:59;21/01/2021 09:31:17;14min18s;1;C;5.269,79;5.261,32;Sim;-84,73;-8,47;3.001,36;21h18min3s
 - ;WDOFUT;26/01/2021 10:09:07;26/01/2021 10:29:24;20min17s;1;C;5.440,33;5.431,86;Não;-84,73;-8,47;2.916,63;5d
 - ;WDOFUT;26/01/2021 13:20:30;26/01/2021 13:49:29;28min58s;1;C;5.380,64;5.372,17;Sim;-84,73;-8,47;2.831,90;3h11min22s
 - ;WDOFUT;26/01/2021 15:41:45;26/01/2021 15:41:45;-;1;C;5.372,12;5.355,12;Sim;-170,00;-17,00;2.661,90;2h21min15s
 - ;WDOFUT;26/01/2021 17:14:40;27/01/2021 09:00:45;15h46min5s;1;C;5.355,06;5.389,17;Sim;341,09;34,11;3.002,99;1h32min54s
 - ;WDOFUT;28/01/2021 11:15:52;28/01/2021 11:25:50;9min57s;1;C;5.431,81;5.431,86;Não;0,54;0,05;3.003,53;1d18h
 - ;WDOFUT;28/01/2021 14:32:30;28/01/2021 15:52:50;1h20min20s;1;C;5.431,81;5.440,39;Não;85,82;8,58;3.089,34;3h16min37s
 - ;WDOFUT;29/01/2021 13:03:39;29/01/2021 13:03:39;-;1;C;5.487,46;5.470,46;Não;-170,00;-17,00;2.919,34;22h31min8s
 - ;WDOFUT;29/01/2021 15:29:03;01/02/2021 09:00:56;2d17h;1;V;5.461,90;5.487,46;Sim;255,63;25,56;3.174,97;2h25min24s
 - ;WDOFUT;01/02/2021 10:44:08;01/02/2021 10:44:08;-;1;V;5.478,90;5.461,90;Não;-170,00;-17,00;3.004,97;2d19h
 - ;WDOFUT;02/02/2021 09:07:33;02/02/2021 09:32:49;25min15s;1;C;5.427,82;5.419,34;Sim;-84,79;-8,48;2.920,18;22h23min25s
 - ;WDOFUT;02/02/2021 10:18:46;02/02/2021 10:18:46;-;1;C;5.419,30;5.402,30;Sim;-170,00;-17,00;2.750,18;1h11min12s
 - ;WDOFUT;02/02/2021 11:48:34;02/02/2021 12:00:28;11min54s;1;C;5.393,73;5.402,30;Sim;85,63;8,56;2.835,81;1h29min48s
 - ;WDOFUT;02/02/2021 18:29:26;02/02/2021 18:29:26;-;1;C;5.385,21;5.368,21;Sim;-170,00;-17,00;2.665,81;6h40min52s
 - ;WDOFUT;03/02/2021 10:01:07;03/02/2021 10:18:34;17min26s;1;C;5.359,65;5.359,69;Sim;0,42;0,04;2.666,23;15h31min41s
 - ;WDOFUT;05/02/2021 10:57:40;05/02/2021 10:57:40;-;1;C;5.419,30;5.402,30;Não;-170,00;-17,00;2.496,23;2d
 - ;WDOFUT;05/02/2021 15:24:49;05/02/2021 16:20:20;55min31s;1;C;5.385,21;5.393,78;Sim;85,63;8,56;2.581,85;4h27min8s
 - ;WDOFUT;08/02/2021 09:37:25;08/02/2021 09:38:03;38s;1;V;5.427,78;5.419,30;Não;-84,79;-8,48;2.497,06;2d18h
 - ;WDOFUT;08/02/2021 14:15:51;08/02/2021 15:59:38;1h43min46s;1;C;5.342,61;5.376,73;Sim;341,26;34,13;2.838,32;4h38min26s
 - ;WDOFUT;08/02/2021 17:32:04;08/02/2021 17:40:09;8min4s;1;V;5.385,17;5.376,69;Não;-84,79;-8,48;2.753,53;3h16min13s
 - ;WDOFUT;09/02/2021 14:42:45;09/02/2021 14:42:45;-;1;C;5.410,78;5.393,78;Não;-170,00;-17,00;2.583,53;21h10min40s
 - ;WDOFUT;09/02/2021 15:07:43;10/02/2021 09:37:57;18h30min13s;1;C;5.385,21;5.427,86;Sim;426,46;42,65;3.009,99;24min58s
 - ;WDOFUT;10/02/2021 09:53:11;10/02/2021 10:38:13;45min1s;1;V;5.419,25;5.427,82;Sim;85,63;8,56;3.095,62;18h45min27s
 - ;WDOFUT;10/02/2021 13:31:57;10/02/2021 15:59:30;2h27min32s;1;C;5.385,21;5.385,25;Sim;0,42;0,04;3.096,04;3h38min45s
 - ;WDOFUT;11/02/2021 09:45:29;11/02/2021 09:45:29;-;1;C;5.376,69;5.359,69;Sim;-170,00;-17,00;2.926,04;20h13min32s
 - ;WDOFUT;11/02/2021 10:34:11;11/02/2021 11:22:12;48min1s;1;C;5.368,17;5.393,78;Sim;256,05;25,60;3.182,08;48min41s
 - ;WDOFUT;12/02/2021 12:33:22;12/02/2021 12:33:22;-;1;C;5.402,25;5.385,25;Não;-170,00;-17,00;3.012,08;1d1h
 - ;WDOFUT;12/02/2021 15:19:16;17/02/2021 13:03:54;4d21h;1;C;5.393,73;5.427,86;Sim;341,25;34,13;3.353,34;2h45min54s
 - ;WDOFUT;18/02/2021 09:29:45;18/02/2021 12:43:07;3h13min21s;1;C;5.419,30;5.444,90;Não;256,04;25,60;3.609,38;5d18h
 - ;WDOFUT;19/02/2021 10:25:11;19/02/2021 10:25:11;-;1;C;5.436,34;5.419,34;Não;-170,00;-17,00;3.439,38;1d
 - ;WDOFUT;19/02/2021 13:50:26;19/02/2021 14:40:19;49min53s;1;C;5.402,25;5.410,82;Sim;85,63;8,56;3.525,01;3h25min15s
 - ;WDOFUT;22/02/2021 12:26:29;22/02/2021 12:26:29;-;1;C;5.513,03;5.496,03;Não;-170,00;-17,00;3.355,01;2d22h
 - ;WDOFUT;22/02/2021 16:59:54;22/02/2021 17:55:55;56min1s;1;C;5.470,42;5.461,94;Sim;-84,79;-8,48;3.270,22;4h33min24s
 - ;WDOFUT;23/02/2021 12:03:28;23/02/2021 13:02:43;59min14s;1;V;5.444,82;5.478,94;Sim;341,25;34,13;3.611,47;19h3min34s
 - ;WDOFUT;23/02/2021 13:50:11;23/02/2021 14:24:35;34min23s;1;C;5.444,86;5.436,38;Sim;-84,79;-8,48;3.526,68;1h46min43s
 - ;WDOFUT;23/02/2021 17:07:27;24/02/2021 09:00:59;15h53min31s;1;V;5.436,34;5.453,38;Não;170,42;17,04;3.697,10;3h17min16s
 - ;WDOFUT;24/02/2021 10:17:05;24/02/2021 11:35:45;1h18min40s;1;C;5.427,82;5.436,38;Sim;85,63;8,56;3.782,72;17h9min37s
 - ;WDOFUT;25/02/2021 10:38:06;25/02/2021 10:38:06;-;1;V;5.461,86;5.444,86;Não;-170,00;-17,00;3.612,72;1d
 - ;WDOFUT;26/02/2021 11:33:18;26/02/2021 12:06:44;33min26s;1;C;5.525,58;5.559,66;Não;340,84;34,08;3.953,56;1d
 - ;WDOFUT;01/03/2021 13:17:41;01/03/2021 17:54:23;4h36min42s;1;C;5.593,69;5.653,29;Não;595,98;59,60;4.549,54;3d1h
 - ;WDOFUT;02/03/2021 13:02:10;02/03/2021 13:28:17;26min7s;1;C;5.721,40;5.721,43;Não;0,28;0,03;4.549,82;23h44min28s
 - ;WDOFUT;02/03/2021 16:05:11;02/03/2021 16:07:56;2min44s;1;C;5.678,83;5.687,37;Sim;85,42;8,54;4.635,24;3h3min1s
 - ;WDOFUT;03/03/2021 16:47:39;03/03/2021 16:47:39;-;1;C;5.695,86;5.687,37;Não;-84,86;-8,49;4.550,38;1d
 - ;WDOFUT;03/03/2021 16:58:57;03/03/2021 17:01:25;2min27s;1;C;5.670,31;5.670,34;Sim;0,28;0,03;4.550,66;11min18s
 - ;WDOFUT;03/03/2021 17:24:52;03/03/2021 17:24:52;-;1;C;5.661,80;5.644,80;Sim;-170,00;-17,00;4.380,66;25min55s
 - ;WDOFUT;03/03/2021 17:40:19;03/03/2021 17:40:19;-;1;C;5.619,23;5.602,23;Sim;-170,00;-17,00;4.210,66;15min26s
 - ;WDOFUT;04/03/2021 09:22:54;04/03/2021 09:47:12;24min17s;1;C;5.602,20;5.619,26;Sim;170,56;17,06;4.381,22;15h42min35s
 - ;WDOFUT;04/03/2021 13:00:28;04/03/2021 13:01:55;1min26s;1;C;5.585,17;5.576,69;Sim;-84,86;-8,49;4.296,36;3h37min33s
 - ;WDOFUT;05/03/2021 11:25:54;05/03/2021 11:38:45;12min50s;1;C;5.687,34;5.687,37;Não;0,28;0,03;4.296,64;22h25min26s
 - ;WDOFUT;08/03/2021 11:57:14;08/03/2021 11:57:14;-;1;C;5.746,94;5.729,94;Não;-170,00;-17,00;4.126,64;3d
 - ;WDOFUT;08/03/2021 13:02:21;08/03/2021 13:53:08;50min47s;1;C;5.738,43;5.738,45;Sim;0,28;0,03;4.126,92;1h5min6s
 - ;WDOFUT;09/03/2021 09:35:41;09/03/2021 09:52:23;16min41s;1;C;5.840,59;5.866,16;Não;255,70;25,57;4.382,62;20h33min19s
 - ;WDOFUT;09/03/2021 12:47:18;09/03/2021 12:48:11;52s;1;C;5.832,08;5.823,59;Sim;-84,86;-8,49;4.297,76;3h11min36s
 - ;WDOFUT;09/03/2021 14:25:58;09/03/2021 14:28:21;2min22s;1;V;5.806,51;5.832,08;Sim;255,70;25,57;4.553,46;1h38min40s
 - ;WDOFUT;09/03/2021 14:28:47;09/03/2021 14:28:47;-;1;C;5.806,54;5.789,54;Sim;-170,00;-17,00;4.383,46;2min48s
 - ;WDOFUT;09/03/2021 15:14:02;09/03/2021 17:07:24;1h53min22s;1;V;5.806,51;5.806,54;Não;0,28;0,03;4.383,74;45min14s
 - ;WDOFUT;10/03/2021 11:20:40;10/03/2021 11:20:40;-;1;C;5.755,45;5.738,45;Sim;-170,00;-17,00;4.213,74;20h6min38s
 - ;WDOFUT;10/03/2021 12:15:45;10/03/2021 12:57:19;41min33s;1;C;5.746,94;5.764,00;Sim;170,56;17,06;4.384,30;55min5s
 - ;WDOFUT;10/03/2021 13:00:29;10/03/2021 13:57:41;57min11s;1;V;5.704,34;5.763,97;Não;596,26;59,63;4.980,55;44min44s
 - ;WDOFUT;10/03/2021 14:07:31;10/03/2021 14:11:32;4min;1;C;5.704,37;5.695,88;Sim;-84,86;-8,49;4.895,69;1h7min1s
 - ;WDOFUT;10/03/2021 14:59:26;10/03/2021 14:59:26;-;1;V;5.746,91;5.729,91;Não;-170,00;-17,00;4.725,69;51min54s
 - ;WDOFUT;10/03/2021 17:46:55;10/03/2021 17:53:14;6min18s;1;C;5.678,83;5.687,34;Sim;85,14;8,51;4.810,83;2h47min29s
 - ;WDOFUT;11/03/2021 09:20:37;11/03/2021 09:35:26;14min49s;1;C;5.610,72;5.610,74;Sim;0,28;0,03;4.811,11;15h33min41s
 - ;WDOFUT;11/03/2021 15:22:22;11/03/2021 16:35:29;1h13min6s;1;C;5.559,63;5.559,66;Sim;0,28;0,03;4.811,39;6h1min44s
 - ;WDOFUT;12/03/2021 10:16:16;12/03/2021 10:34:50;18min34s;1;V;5.585,15;5.576,66;Não;-84,86;-8,49;4.726,53;18h53min53s
 - ;WDOFUT;15/03/2021 09:27:23;15/03/2021 11:05:17;1h37min54s;1;C;5.568,15;5.636,29;Não;681,40;68,14;5.407,93;2d23h
 - ;WDOFUT;15/03/2021 14:35:14;15/03/2021 16:20:53;1h45min38s;1;C;5.627,74;5.644,80;Não;170,56;17,06;5.578,49;5h7min51s
 - ;WDOFUT;16/03/2021 12:26:38;16/03/2021 12:46:01;19min22s;1;C;5.593,69;5.585,20;Sim;-84,86;-8,49;5.493,63;21h51min23s
 - ;WDOFUT;16/03/2021 16:23:38;16/03/2021 16:23:38;-;1;V;5.636,23;5.619,23;Sim;-170,00;-17,00;5.323,63;3h56min59s
 - ;WDOFUT;17/03/2021 15:04:20;17/03/2021 15:04:20;-;1;C;5.653,29;5.636,29;Não;-170,00;-17,00;5.153,63;22h40min41s
 - ;WDOFUT;17/03/2021 17:06:48;17/03/2021 17:32:46;25min58s;1;C;5.602,20;5.593,72;Sim;-84,86;-8,49;5.068,77;2h2min27s
 - ;WDOFUT;18/03/2021 09:17:06;18/03/2021 09:43:36;26min29s;1;C;5.508,55;5.551,15;Sim;425,98;42,60;5.494,75;16h10min18s
 - ;WDOFUT;18/03/2021 09:47:10;18/03/2021 09:47:10;-;1;V;5.568,12;5.551,12;Não;-170,00;-17,00;5.324,75;30min3s
 - ;WDOFUT;18/03/2021 11:50:38;18/03/2021 13:56:16;2h5min38s;1;C;5.551,12;5.568,17;Não;170,56;17,06;5.495,31;2h3min28s
 - ;WDOFUT;19/03/2021 11:37:17;19/03/2021 11:37:17;-;1;C;5.525,58;5.508,58;Sim;-170,00;-17,00;5.325,31;23h46min38s
 - ;WDOFUT;19/03/2021 12:02:27;19/03/2021 12:02:27;-;1;C;5.517,06;5.500,06;Sim;-170,00;-17,00;5.155,31;25min9s
 - ;WDOFUT;19/03/2021 14:27:06;19/03/2021 14:33:50;6min43s;1;C;5.483,01;5.474,52;Sim;-84,86;-8,49;5.070,45;2h24min39s
 - ;WDOFUT;23/03/2021 13:48:40;23/03/2021 13:48:40;-;1;C;5.508,55;5.491,55;Não;-170,00;-17,00;4.900,45;3d23h
 - ;WDOFUT;23/03/2021 15:55:15;23/03/2021 16:34:53;39min38s;1;C;5.500,03;5.525,60;Sim;255,70;25,57;5.156,15;2h6min34s
 - ;WDOFUT;25/03/2021 12:40:07;25/03/2021 13:23:50;43min42s;1;C;5.653,29;5.644,80;Não;-84,86;-8,49;5.071,29;1d20h
 - ;WDOFUT;29/03/2021 14:44:31;29/03/2021 15:54:57;1h10min26s;1;C;5.763,97;5.781,02;Não;170,56;17,06;5.241,85;4d2h
 - ;WDOFUT;30/03/2021 13:28:48;30/03/2021 13:28:48;-;1;C;5.763,97;5.746,97;Não;-170,00;-17,00;5.071,85;22h44min17s
 - ;WDOFUT;30/03/2021 15:43:39;30/03/2021 17:49:25;2h5min45s;1;C;5.755,45;5.764,00;Sim;85,42;8,54;5.157,27;2h14min51s
 - ;WDOFUT;31/03/2021 12:03:49;31/03/2021 13:52:17;1h48min27s;1;C;5.661,00;5.686,50;Sim;255,00;25,50;5.412,27;20h20min9s
 - ;WDOFUT;31/03/2021 14:03:08;31/03/2021 14:15:36;12min27s;1;V;5.686,50;5.686,50;Sim;0;0;5.412,27;1h59min19s
 - ;WDOFUT;31/03/2021 15:59:45;31/03/2021 15:59:45;-;1;C;5.652,50;5.635,50;Sim;-170,00;-17,00;5.242,27;1h56min37s
